75.62673621 -35.98034713 2704.6473 23.52306506 51.57258676 0
75.6457639 -35.92545655 2700.523233 24.838715 51.18578553 0
75.63082177 -36.03316549 2709.369267 23.43455864 51.42316302 0
75.61235028 -36.03790476 2712.81638 22.48113324 51.80128391 0
75.6177542 -35.91108919 2702.884483 23.46108631 51.40434593 0
75.64385461 -36.06140711 2707.9289 24.67170506 52.1812236 0
75.7035455 -35.77486089 2708.7151 24.63308309 51.4799532 0
75.55748077 -36.19302748 2733.32624 19.4592366 50.61298099 0
75.81239947 -35.45583843 2666.332733 25.23630357 52.62957126 0
75.70036612 -36.2283422 2696.441033 18.36104 32.69516429 0
75.72566855 -36.3773493 2716.562125 9.565312177 12.37286554 0
75.6891578 -36.48137785 2700.64058 9.046287968 12.42797481 0
75.66364957 -36.3328688 2704.833125 16.51527264 30.86207557 0
75.66921681 -36.20584279 2694.39462 21.14914882 42.5870331 0
75.69411645 -36.35458341 2699.27862 11.32363849 16.88283168 0
75.73304752 -36.57852529 2715.3028 7.983323049 9.301327132 0
75.59673569 -35.63929475 2693.581017 21.74418272 48.92534417 0
75.57019522 -35.49495707 2688.433271 5.70684378 26.68234963 0
75.53384633 -35.59996738 2711.48896 5.008714647 25.37470091 0
75.56026827 -35.74445807 2715.784033 20.76331436 47.06203787 0
75.53819813 -35.47449275 2712.04724 4.070916526 24.37420726 0
75.56535825 -35.6189265 2699.927083 16.38941301 40.85642708 0
75.52573911 -35.40233393 2717.539325 3.643233881 23.56951456 0
75.6635985 -36.9326768 2741.5001 6.926142105 8.398106801 0
75.6798988 -36.99679493 2742.0134 6.77659582 7.968854617 0
75.69625627 -37.06114904 2744.72195 6.629918904 7.63658716 0
75.71324583 -37.12581271 2747.392 6.499619855 7.409122636 0
75.72870309 -37.18849652 2750.2942 6.375221572 7.325671244 0
75.67951313 -36.8662436 2735.61585 7.082655507 8.562505828 0
75.69568424 -36.93078169 2737.2715 6.850687904 8.119574264 0
75.7120758 -36.9948466 2741.34435 6.736031227 7.796614658 0
75.72831661 -37.05890119 2743.15885 6.585847363 7.580177172 0
75.74476342 -37.12369116 2745.3238 6.409554154 7.405627677 0
75.6952174 -36.80097846 2732.04895 7.303245413 8.695753259 0
75.71154215 -36.86488871 2734.31545 7.08735722 8.189154047 0
75.72789492 -36.92887102 2736.82215 6.792516663 7.938106481 0
75.74420949 -36.99294137 2738.15945 6.593480472 7.745382275 0
75.71092236 -36.73489 2726.6392 7.536860516 8.813335311 0
75.72734412 -36.79818644 2730.3976 7.225266481 8.341160527 0
75.74401025 -36.86308543 2731.7277 6.881808553 8.077264239 0
75.76000959 -36.92651901 2734.58195 6.708057196 7.913355691 0
75.77643084 -36.99088388 2733.39575 6.400393527 7.805997284 0
75.72664203 -36.66823585 2719.5087 7.741638404 8.85631036 0
75.74313999 -36.73216711 2725.7167 7.325799214 8.481217784 0
75.75945068 -36.79589033 2727.2009 6.987188885 8.234624745 0
75.77584209 -36.86012447 2728.0675 6.013417395 8.020016061 0
75.77525293 -36.72953768 2725.20675 7.036157599 8.446614557 0
75.79169382 -36.79369115 2724.2304 6.715236409 8.262556607 0
75.80803741 -36.85819196 2723.10175 6.504882212 8.050769974 0
75.7580761 -36.53486763 2721.86545 7.830535436 9.441655178 0
75.77457079 -36.59879561 2724.43345 7.393720731 9.06546734 0
75.79099025 -36.66283003 2722.3053 7.138691548 8.778139648 0
75.80741939 -36.7267844 2721.78515 6.84949333 8.589840744 0
75.82395215 -36.7916638 2719.48525 6.57900754 8.350463399 0
75.77385416 -36.46785618 2719.1342 8.068577495 10.28874872 0
75.7903326 -36.53185884 2717.31855 7.659633173 9.73284382 0
75.82323072 -36.6603432 2710.17715 6.973020382 8.926918303 0
75.83957967 -36.72446328 2707.8864 6.751271516 8.607269596 0
75.7894487 -36.40102155 2697.7107 8.040419036 11.153816 0
75.80605736 -36.46474578 2694.2009 7.61484001 10.24093487 0
75.8224984 -36.52894318 2693.10695 7.225351691 9.566744679 0
75.83894221 -36.59307976 2692.307 6.905216 9.0333544 0
75.85526041 -36.65740719 2694.19155 6.675222229 8.652810059 0
